  1.0000000000000000e-001
  3.5100000000000000e-001
  8.8841610000000000e-001
  3.8661843971708080e-001
  9.2486402497246180e-001
  2.7101318510837720e-001
  7.7050365056257960e-001
  6.8962832262603950e-001
  8.3476028710633520e-001
  5.3794864568828770e-001
  9.6938361113265660e-001
  1.1574819984026100e-001
  3.9916716088860000e-001
  9.3534768037126440e-001
  2.3584234906190140e-001
  7.0286086825837600e-001
  8.1450512570488550e-001
  5.8923745103088120e-001
  9.4394304160069320e-001
  2.0636684567586820e-001
