  2.1539100e-004  4.1880360e-001  1.8913312e+000
  1.1999852e+001  4.1880360e-001  1.8913312e+000
  2.3999704e+001  4.2124560e-001  1.8888892e+000
  3.5999557e+001  4.1880360e-001  1.8937732e+000
  4.7999409e+001  4.2124560e-001  1.8913312e+000
  5.9999264e+001  4.2124560e-001  1.8962152e+000
  7.1999115e+001  4.2368761e-001  1.8888892e+000
  8.3998970e+001  4.1880360e-001  1.9035412e+000
  9.5998817e+001  4.1880360e-001  1.8962152e+000
  1.0799867e+002  4.1636160e-001  1.9010992e+000
  1.1999853e+002  4.1880360e-001  1.8962152e+000
  1.3199860e+002  4.1147760e-001  1.0122102e+000
  1.4399844e+002  3.8949958e-001  1.0097682e+000
  1.5599808e+002  3.6019555e-001  1.0122102e+000
  1.6799794e+002  3.2356551e-001  1.0122102e+000
  1.7999779e+002  2.9426148e-001  1.0122102e+000
  1.9199785e+002  2.8449348e-001  2.9560442e+000
  2.0399771e+002  3.4065953e-001  2.9536023e+000
  2.1599756e+002  4.1880360e-001  2.9658122e+000
  2.2799719e+002  4.9694771e-001  2.9829063e+000
  2.3999706e+002  5.6288177e-001  2.9438343e+000
  2.5199690e+002  6.3125783e-001  2.9462762e+000
  2.6399677e+002  6.8253988e-001  2.9560442e+000
  2.7599661e+002  7.2649592e-001  2.9682543e+000
  2.8799646e+002  7.6800996e-001  2.9731383e+000
  2.9999652e+002  7.9487199e-001  2.9780223e+000
  3.1199637e+002  8.4615403e-001  4.2478638e+000
  3.2399600e+002  9.6825421e-001  4.2258854e+000
  3.3599588e+002  1.1025643e+000  4.2478638e+000
  3.4799573e+002  1.2173384e+000  4.2478638e+000
  3.5999557e+002  1.3296705e+000  4.2454214e+000
  3.7199564e+002  1.3663006e+000  1.6300368e+000
  3.8399527e+002  1.2661785e+000  1.6446888e+000
  3.9599512e+002  1.1343104e+000  1.6446888e+000
  4.0799500e+002  1.0170943e+000  1.6178268e+000
  4.1999484e+002  9.1208810e-001  1.6300368e+000
  4.3199469e+002  8.2417601e-001  2.3308916e+000
  4.4399454e+002  7.7045196e-001  2.3113556e+000
  4.5599438e+002  7.3626393e-001  2.3137975e+000
  4.6799423e+002  7.0940191e-001  2.3211236e+000
  4.7999411e+002  6.9474989e-001  2.3162396e+000
  4.9199396e+002  6.8742388e-001  3.7203910e+000
  5.0399402e+002  7.6068395e-001  3.7155070e+000
  5.1599390e+002  8.5348004e-001  3.7326009e+000
  5.2799353e+002  9.5116019e-001  3.7399271e+000
  5.3999335e+002  1.0293043e+000  3.7203910e+000
  5.5199323e+002  1.0854703e+000  2.3809543e-001
  5.6399304e+002  9.9755824e-001  2.3565343e-001
  5.7599292e+002  8.7545806e-001  2.3565343e-001
  5.8799280e+002  7.5579995e-001  2.3809543e-001
  5.9999261e+002  6.3858384e-001  2.3809543e-001
  6.1199249e+002  5.4578775e-001  2.3565343e-001
  6.2399231e+002  4.6275964e-001  2.3809543e-001
  6.3599219e+002  3.8217357e-001  2.3809543e-001
  6.4799200e+002  3.2844952e-001  2.3809543e-001
  6.5999188e+002  2.7472547e-001  2.3321141e-001
  6.7199176e+002  2.3809543e-001  2.1672773e+000
  6.8399158e+002  2.4786344e-001  2.1721613e+000
  6.9599146e+002  2.7228346e-001  2.1770453e+000
  7.0799127e+002  3.0891350e-001  2.1819294e+000
  7.1999115e+002  3.4310153e-001  2.1843715e+000
  7.3199103e+002  3.7240556e-001  3.1025643e+000
  7.4399084e+002  4.4566563e-001  3.1147745e+000
  7.5599072e+002  5.2380973e-001  3.1221004e+000
  7.6799054e+002  6.0683781e-001  3.1245425e+000
  7.7999042e+002  6.7765588e-001  3.0976803e+000
  7.9199023e+002  7.3137993e-001  3.2600752e-001
  8.0399011e+002  6.8986589e-001  3.2112351e-001
  8.1598999e+002  6.1904782e-001  3.2600752e-001
  8.2798981e+002  5.3601974e-001  3.2600752e-001
  8.3998969e+002  4.5543364e-001  3.2600752e-001
  8.5198950e+002  3.8705757e-001  1.6935289e+000
  8.6398962e+002  3.5775354e-001  1.6959709e+000
  8.7598926e+002  3.4310153e-001  1.7008549e+000
  8.8798932e+002  3.3577552e-001  1.6910869e+000
  8.9998914e+002  3.3089152e-001  1.6886449e+000
  9.1198877e+002  3.3089152e-001  2.4542144e-001
  9.2398865e+002  3.0891350e-001  1.5995134e-001
  9.3598846e+002  2.6984146e-001  1.6239335e-001
  9.4798834e+002  2.3809543e-001  1.5995134e-001
  9.5998822e+002  2.0146538e-001  1.5995134e-001
  9.7198804e+002  1.7216136e-001  1.8180710e+000
  9.8398792e+002  1.6971935e-001  1.8180710e+000
  9.9598773e+002  1.9413938e-001  1.8229550e+000
  1.0079879e+003  2.1611740e-001  1.8205130e+000
  1.0199877e+003  2.3809543e-001  1.8205130e+000
  1.0319875e+003  2.5518945e-001  3.0952384e+000
  1.0439874e+003  3.2600752e-001  3.1001225e+000
  1.0559871e+003  4.1147760e-001  3.0781443e+000
  1.0679868e+003  5.0671572e-001  3.0952384e+000
  1.0799867e+003  5.9218580e-001  3.0903544e+000
  1.0919866e+003  6.6056186e-001  2.7362640e+000
  1.1039867e+003  7.0695990e-001  2.7387061e+000
  1.1159863e+003  7.3137993e-001  2.7435901e+000
  1.1279861e+003  7.4603194e-001  2.7362640e+000
  1.1399860e+003  7.6068395e-001  2.7435901e+000
  1.1519858e+003  7.7045196e-001  4.2087917e+000
  1.1639857e+003  8.5348004e-001  4.2185597e+000
  1.1759857e+003  9.8534822e-001  4.2234435e+000
  1.1879856e+003  1.1221004e+000  4.2307696e+000
  1.1999852e+003  1.2417585e+000  4.2332115e+000
  1.2119851e+003  1.3369966e+000  3.6715510e+000
  1.2239850e+003  1.3882786e+000  3.6642249e+000
  1.2359849e+003  1.4029306e+000  3.6495728e+000
  1.2479846e+003  1.4078146e+000  3.6520150e+000
  1.2599845e+003  1.4102566e+000  3.6642249e+000
  1.2719844e+003  1.4029306e+000  2.9511602e+000
  1.2839843e+003  1.3540906e+000  2.3089135e+000
  1.2959840e+003  1.2588525e+000  2.3113556e+000
  1.3079839e+003  1.1587304e+000  2.3162396e+000
  1.3199838e+003  1.0683763e+000  2.3186815e+000
  1.3319836e+003  9.9267423e-001  2.2918196e+000
  1.3439835e+003  8.9987808e-001  3.8705757e-001
  1.3559833e+003  7.8021997e-001  3.9438358e-001
  1.3679832e+003  6.7032987e-001  3.9438358e-001
  1.3799830e+003  5.6776577e-001  3.9194158e-001
  1.3919829e+003  4.7985369e-001  3.8949958e-001
  1.4039828e+003  4.4078162e-001  2.8779001e+000
  1.4159828e+003  4.7985369e-001  2.8852262e+000
  1.4279824e+003  5.2625173e-001  2.8998783e+000
  1.4399823e+003  5.7997578e-001  2.8803422e+000
  1.4519822e+003  6.3125783e-001  2.8754582e+000
  1.4639821e+003  6.5323585e-001  1.9401712e+000
  1.4759821e+003  6.3858384e-001  1.9401712e+000
  1.4879817e+003  6.0927981e-001  1.9426132e+000
  1.4999818e+003  5.8974379e-001  1.9597073e+000
  1.5119817e+003  5.6043976e-001  1.9328452e+000
  1.5239814e+003  5.7264978e-001  3.2759466e+000
  1.5359811e+003  6.2637383e-001  3.2808306e+000
  1.5479810e+003  6.9963390e-001  3.2783885e+000
  1.5599811e+003  7.6556796e-001  3.2564106e+000
  1.5719807e+003  8.2661802e-001  3.2637365e+000
  1.5839805e+003  8.9743608e-001  4.0329676e+000
  1.5959803e+003  1.0048842e+000  4.0305252e+000
  1.6079802e+003  1.1074483e+000  4.0329676e+000
  1.6199801e+003  1.2051284e+000  4.0305252e+000
  1.6319800e+003  1.2857145e+000  4.0280833e+000
  1.6439797e+003  1.3296705e+000  3.3223445e+000
  1.6559796e+003  1.3247865e+000  3.2979245e+000
  1.6679795e+003  1.3101345e+000  3.3101346e+000
  1.6799794e+003  1.2857145e+000  3.3101346e+000
  1.6919794e+003  1.2686205e+000  3.3052506e+000
  1.7039792e+003  1.2246644e+000  1.1733824e+000
  1.7159789e+003  1.0976803e+000  1.1733824e+000
  1.7279788e+003  9.6092820e-001  1.1758244e+000
  1.7399789e+003  8.4371203e-001  1.1782664e+000
  1.7519785e+003  7.3870593e-001  1.1709404e+000
  1.7639783e+003  6.4835185e-001  2.2100140e-001
  1.7759781e+003  5.5311376e-001  2.2100140e-001
  1.7879783e+003  4.7008568e-001  2.2344340e-001
  1.7999781e+003  3.9926758e-001  2.2344340e-001
  1.8119778e+003  3.3577552e-001  2.2100140e-001
  1.8239778e+003  3.0158749e-001  3.2661786e+000
  1.8359774e+003  3.6263755e-001  3.2735045e+000
  1.8479775e+003  4.5787564e-001  3.2612946e+000
  1.8599772e+003  5.5799776e-001  3.2612946e+000
  1.8719769e+003  6.4590985e-001  3.2637365e+000
  1.8839768e+003  7.1672791e-001  1.7399269e+000
  1.8959767e+003  7.0451790e-001  1.7374849e+000
  1.9079768e+003  6.6300386e-001  1.7374849e+000
  1.9199764e+003  6.2637383e-001  1.7423689e+000
  1.9319762e+003  5.8241779e-001  1.7326009e+000
  1.9439763e+003  5.6043976e-001  3.0244203e+000
  1.9559762e+003  5.8730179e-001  3.0244203e+000
  1.9679758e+003  6.4346784e-001  3.0268624e+000
  1.9799757e+003  6.9230789e-001  3.0268624e+000
  1.9919755e+003  7.3626393e-001  3.0439563e+000
  2.0039753e+003  7.8021997e-001  3.4957268e+000
  2.0159752e+003  8.4615403e-001  3.5054948e+000
  2.0279751e+003  9.1453010e-001  3.5079367e+000
  2.0399751e+003  9.7802222e-001  3.5006108e+000
  2.0519749e+003  1.0293043e+000  3.5177047e+000
  2.0639746e+003  1.0781443e+000  4.4383397e+000
  2.0759744e+003  1.1953604e+000  4.4529920e+000
  2.0879744e+003  1.3150185e+000  4.4505496e+000
  2.0999741e+003  1.4273506e+000  4.4652019e+000
  2.1119741e+003  1.5250307e+000  4.4920640e+000
  2.1239739e+003  1.5909648e+000  1.7228329e+000
  2.1359736e+003  1.5006107e+000  1.7228329e+000
  2.1479739e+003  1.3443226e+000  1.7228329e+000
  2.1599734e+003  1.2002444e+000  1.7326009e+000
  2.1719734e+003  1.0683763e+000  1.7326009e+000
  2.1839731e+003  9.5604420e-001  1.0415143e+000
  2.1959729e+003  8.3882803e-001  1.0366303e+000
  2.2079731e+003  7.3137993e-001  1.0341883e+000
  2.2199729e+003  6.3614184e-001  1.0366303e+000
  2.2319727e+003  5.6288177e-001  1.0341883e+000
  2.2439724e+003  4.9450570e-001  4.3284497e+000
  2.2559724e+003  5.7753378e-001  4.3357759e+000
  2.2679724e+003  7.4114794e-001  4.3357759e+000
  2.2799719e+003  9.1697210e-001  4.3333335e+000
  2.2919719e+003  1.0732603e+000  4.3431015e+000
  2.3039717e+003  1.2124544e+000  3.0244203e+000
  2.3159717e+003  1.2442005e+000  3.0317464e+000
  2.3279714e+003  1.2271065e+000  3.0561664e+000
  2.3399714e+003  1.2002444e+000  3.0219784e+000
  2.3519712e+003  1.1636144e+000  3.0219784e+000
  2.3639709e+003  1.1367524e+000  3.4737487e+000
  2.3759707e+003  1.1343104e+000  3.4322348e+000
  2.3879707e+003  1.1489624e+000  3.4468868e+000
  2.3999705e+003  1.1660564e+000  3.4444447e+000
  2.4119705e+003  1.1709404e+000  3.4444447e+000
  2.4239702e+003  1.1831504e+000  2.8534801e+000
  2.4359702e+003  1.1660564e+000  2.8608062e+000
  2.4479700e+003  1.1245424e+000  2.8608062e+000
  2.4599700e+003  1.0952383e+000  2.8632481e+000
  2.4719697e+003  1.0634923e+000  2.8681321e+000
  2.4839695e+003  1.0341883e+000  8.9499408e-001
  2.4959692e+003  9.4383419e-001  2.5274745e-001
  2.5079692e+003  8.1929201e-001  2.5274745e-001
  2.5199692e+003  6.9963390e-001  2.5030544e-001
  2.5319690e+003  5.9462780e-001  2.5030544e-001
  2.5439688e+003  5.0183171e-001  2.8827841e+000
  2.5559685e+003  4.8473769e-001  2.9072042e+000
  2.5679685e+003  5.2136773e-001  2.9047623e+000
  2.5799683e+003  5.7020778e-001  2.9047623e+000
  2.5919683e+003  6.1416382e-001  2.9169722e+000
  2.6039680e+003  6.6056186e-001  4.0036635e+000
  2.6159678e+003  7.5091594e-001  4.0061054e+000
  2.6279678e+003  8.7301606e-001  4.0183153e+000
  2.6399675e+003  9.9267423e-001  3.9670334e+000
  2.6519673e+003  1.0976803e+000  3.9670334e+000
  2.6639673e+003  1.1904764e+000  2.2283275e+000
  2.6759670e+003  1.1636144e+000  1.2222224e+000
  2.6879670e+003  1.0488403e+000  1.2271065e+000
  2.6999668e+003  9.3406612e-001  1.2295485e+000
  2.7119666e+003  8.1685001e-001  1.2319905e+000
  2.7239666e+003  7.2161192e-001  1.8791212e+000
  2.7359663e+003  6.5079385e-001  1.8815632e+000
  2.7479663e+003  5.9951180e-001  1.8815632e+000
  2.7599661e+003  5.6776577e-001  1.8815632e+000
  2.7719658e+003  5.3846174e-001  1.8840052e+000
  2.7839658e+003  5.1648372e-001  1.8888892e+000
  2.7959656e+003  5.3113574e-001  3.3589747e+000
  2.8079656e+003  6.0683781e-001  3.3663006e+000
  2.8199653e+003  6.8742388e-001  3.3565326e+000
  2.8319651e+003  7.7045196e-001  3.3565326e+000
  2.8439651e+003  8.3638602e-001  3.3736267e+000
  2.8559648e+003  8.5836405e-001  2.0720394e+000
  2.8679648e+003  8.2661802e-001  2.0695972e+000
  2.8799648e+003  7.8510398e-001  2.0793653e+000
  2.8919644e+003  7.3870593e-001  2.0744812e+000
  2.9039644e+003  7.0451790e-001  2.0891333e+000
  2.9159644e+003  6.5811986e-001  9.9511623e-001
  2.9279641e+003  5.8485979e-001  9.9755824e-001
  2.9399639e+003  5.1404172e-001  1.0024422e+000
  2.9519639e+003  4.5787564e-001  1.0000002e+000
  2.9639636e+003  4.0659359e-001  9.9755824e-001
  2.9759636e+003  3.5775354e-001  1.2148964e+000
  2.9879634e+003  3.2844952e-001  1.2148964e+000
  2.9999631e+003  3.0158749e-001  1.2100124e+000
  3.0119629e+003  2.7960947e-001  1.2173384e+000
  3.0239629e+003  2.6251546e-001  1.2148964e+000
  3.0359626e+003  2.5030544e-001  1.8937732e+000
  3.0479626e+003  2.6739946e-001  1.9108672e+000
  3.0599626e+003  2.8449348e-001  1.8986572e+000
  3.0719622e+003  3.0647150e-001  1.9035412e+000
  3.0839622e+003  3.1868151e-001  1.9010992e+000
  3.0959619e+003  3.2356551e-001  8.4371203e-001
  3.1079619e+003  3.0402950e-001  8.4615403e-001
  3.1199617e+003  2.7960947e-001  8.4127003e-001
  3.1319617e+003  2.5518945e-001  8.4371203e-001
  3.1439614e+003  2.2832741e-001  8.4127003e-001
  3.1559612e+003  2.1855940e-001  2.1037853e+000
  3.1679609e+003  2.4053744e-001  2.0964594e+000
  3.1799609e+003  2.6984146e-001  2.1111114e+000
  3.1919609e+003  2.9914549e-001  2.1135533e+000
  3.2039607e+003  3.3089152e-001  2.1013434e+000
  3.2159607e+003  3.7728956e-001  3.9865694e+000
  3.2279602e+003  5.1159972e-001  4.0134315e+000
  3.2399602e+003  6.7521387e-001  4.0134315e+000
  3.2519602e+003  8.2661802e-001  4.0061054e+000
  3.2639600e+003  9.6581221e-001  4.0183153e+000
  3.2759600e+003  1.0830283e+000  4.0231996e+000
  3.2879595e+003  1.1782664e+000  4.0085473e+000
  3.2999595e+003  1.2564105e+000  3.9938953e+000
  3.3119592e+003  1.3247865e+000  3.9841273e+000
  3.3239592e+003  1.3760686e+000  3.9890113e+000
  3.3359590e+003  1.3882786e+000  2.0634939e-001
  3.3479587e+003  1.2442005e+000  2.0634939e-001
  3.3599587e+003  1.0830283e+000  2.0634939e-001
  3.3719585e+003  9.2429811e-001  2.0634939e-001
  3.3839585e+003  7.8266197e-001  2.0634939e-001
  3.3959583e+003  6.7765588e-001  3.8986573e+000
  3.4079583e+003  7.3137993e-001  3.9108672e+000
  3.4199580e+003  8.3150202e-001  3.9059832e+000
  3.4319580e+003  9.3895018e-001  3.9352872e+000
  3.4439578e+003  1.0390723e+000  3.9084253e+000
  3.4559575e+003  1.1172163e+000  2.2283275e+000
  3.4679573e+003  1.0879123e+000  2.2503054e+000
  3.4799575e+003  1.0268623e+000  2.2356534e+000
  3.4919570e+003  9.6337020e-001  2.2283275e+000
  3.5039570e+003  9.0232009e-001  2.2332115e+000
  3.5159568e+003  8.4615403e-001  2.2356534e+000
  3.5279565e+003  8.0219799e-001  2.2332115e+000
  3.5399565e+003  7.6312596e-001  2.2478635e+000
  3.5519563e+003  7.2893792e-001  2.2503054e+000
  3.5639563e+003  7.0207590e-001  2.2454214e+000
  3.5759561e+003  6.8009788e-001  1.3760686e+000
  3.5879558e+003  6.2637383e-001  1.3833946e+000
  3.5999558e+003  5.7020778e-001  1.3711846e+000
  3.6119556e+003  5.1892573e-001  1.3882786e+000
  3.6239556e+003  4.7496968e-001  1.3882786e+000
  3.6359553e+003  4.4810763e-001  4.3235655e+000
  3.6479553e+003  5.5799776e-001  4.3235655e+000
  3.6599551e+003  7.3382193e-001  4.3601956e+000
  3.6719548e+003  9.1453010e-001  4.3455439e+000
  3.6839548e+003  1.0757023e+000  4.3260078e+000
  3.6959546e+003  1.2148964e+000  2.3406596e+000
  3.7079543e+003  1.2075704e+000  2.3406596e+000
  3.7199546e+003  1.1391944e+000  2.3357756e+000
  3.7319543e+003  1.0659343e+000  2.3260076e+000
  3.7439541e+003  1.0000002e+000  2.3406596e+000
  3.7559539e+003  9.3650812e-001  1.0122102e+000
  3.7679536e+003  8.4371203e-001  1.0219783e+000
  3.7799536e+003  7.4114794e-001  1.0170943e+000
  3.7919534e+003  6.5323585e-001  1.0170943e+000
  3.8039531e+003  5.7020778e-001  1.0170943e+000
  3.8159531e+003  5.0183171e-001  3.6507955e-001
  3.8279529e+003  4.3345562e-001  3.6996356e-001
  3.8399531e+003  3.6996356e-001  3.6996356e-001
  3.8519529e+003  3.1379750e-001  3.6996356e-001
  3.8639524e+003  2.6739946e-001  3.7240556e-001
  3.8759524e+003  2.2588541e-001  4.1404157e+000
  3.8879524e+003  3.0158749e-001  4.1526256e+000
  3.8999524e+003  4.7985369e-001  4.1379733e+000
  3.9119521e+003  6.6056186e-001  4.1257634e+000
  3.9239517e+003  8.3882803e-001  4.1355314e+000
  3.9359519e+003  9.9511623e-001  1.9304032e+000
  3.9479517e+003  1.0048842e+000  2.1855940e-001
  3.9599517e+003  9.0232009e-001  2.1855940e-001
  3.9719512e+003  7.8754598e-001  2.2100140e-001
  3.9839509e+003  6.7765588e-001  2.2100140e-001
  3.9959512e+003  5.7509178e-001  4.6520165e-001
  4.0079507e+003  5.1159972e-001  2.1868134e+000
  4.0199507e+003  4.9450570e-001  2.1965814e+000
  4.0319504e+003  4.9450570e-001  2.1965814e+000
  4.0439502e+003  4.9450570e-001  2.2039075e+000
  4.0559504e+003  4.9938971e-001  2.2014654e+000
  4.0679500e+003  4.9206370e-001  1.2783885e+000
  4.0799500e+003  4.5543364e-001  1.2735045e+000
  4.0919497e+003  4.2612961e-001  1.2686205e+000
  4.1039497e+003  3.8705757e-001  1.2710625e+000
  4.1159492e+003  3.5775354e-001  1.2661785e+000
  4.1279492e+003  3.9194158e-001  4.0891333e+000
  4.1399492e+003  5.3601974e-001  4.0622716e+000
  4.1519492e+003  7.0207590e-001  4.1062274e+000
  4.1639487e+003  8.5836405e-001  4.0842495e+000
  4.1759487e+003  1.0024422e+000  4.0671554e+000
  4.1879487e+003  1.0757023e+000  2.2869356e+000
  4.1999482e+003  1.0439563e+000  2.2771676e+000
  4.2119482e+003  9.9267423e-001  2.2771676e+000
  4.2239482e+003  9.2918211e-001  2.2722836e+000
  4.2359478e+003  8.7545806e-001  2.2649574e+000
  4.2479482e+003  8.3394402e-001  2.0402932e+000
  4.2599478e+003  7.7533597e-001  2.0402932e+000
  4.2719473e+003  7.2893792e-001  2.0378513e+000
  4.2839473e+003  6.8742388e-001  2.0378513e+000
  4.2959473e+003  6.5323585e-001  2.0402932e+000
  4.3079473e+003  6.6300386e-001  4.3235655e+000
  4.3199468e+003  7.9975599e-001  4.3162398e+000
  4.3319468e+003  9.5360220e-001  4.3162398e+000
  4.3439468e+003  1.1098903e+000  4.3137975e+000
  4.3559463e+003  1.2393165e+000  4.3089137e+000
  4.3679463e+003  1.2905985e+000  2.9914549e-001
  4.3799463e+003  1.1611724e+000  3.0158749e-001
  4.3919458e+003  1.0122102e+000  3.0402950e-001
  4.4039458e+003  8.6813206e-001  3.0402950e-001
  4.4159458e+003  7.3870593e-001  3.0158749e-001
  4.4279458e+003  6.5567786e-001  3.3736267e+000
  4.4399458e+003  6.8009788e-001  3.3760686e+000
  4.4519453e+003  7.4603194e-001  3.3809526e+000
  4.4639453e+003  8.0952400e-001  3.3858366e+000
  4.4759448e+003  8.7545806e-001  3.3907206e+000
  4.4879448e+003  9.2674011e-001  3.3785107e+000
  4.4999448e+003  9.7802222e-001  3.3785107e+000
  4.5119443e+003  1.0146523e+000  3.3882787e+000
  4.5239448e+003  1.0488403e+000  3.3907206e+000
  4.5359443e+003  1.0781443e+000  3.3663006e+000
  4.5479443e+003  1.1098903e+000  3.8278391e+000
  4.5599438e+003  1.1660564e+000  3.8302813e+000
  4.5719438e+003  1.2124544e+000  3.8205132e+000
  4.5839438e+003  1.2661785e+000  3.8205132e+000
  4.5959434e+003  1.3076925e+000  3.8253973e+000
  4.6079434e+003  1.3101345e+000  6.3858384e-001
  4.6199434e+003  1.1758244e+000  6.3858384e-001
  4.6319429e+003  1.0244203e+000  6.3614184e-001
  4.6439434e+003  8.8522607e-001  6.3369983e-001
  4.6559429e+003  7.5579995e-001  6.3614184e-001
  4.6679424e+003  6.4590985e-001  1.8681337e-001
  4.6799424e+003  5.4578775e-001  1.8925537e-001
  4.6919424e+003  4.6275964e-001  1.9169737e-001
  4.7039424e+003  3.8705757e-001  1.9169737e-001
  4.7159419e+003  3.2356551e-001  1.9169737e-001
  4.7279419e+003  2.8693548e-001  2.9023201e+000
  4.7399419e+003  3.2356551e-001  2.9023201e+000
  4.7519414e+003  3.8461557e-001  2.8974361e+000
  4.7639419e+003  4.6275964e-001  2.9365082e+000
  4.7759414e+003  5.2869374e-001  2.9023201e+000
  4.7879409e+003  5.9951180e-001  3.8229551e+000
  4.7999409e+003  7.1428591e-001  3.8302813e+000
  4.8119409e+003  8.3394402e-001  3.8351653e+000
  4.8239409e+003  9.4627619e-001  3.8253973e+000
  4.8359404e+003  1.0439563e+000  3.8644693e+000
  4.8479404e+003  1.1172163e+000  2.4334557e+000
  4.8599404e+003  1.0903543e+000  2.4334557e+000
  4.8719399e+003  1.0390723e+000  2.4554336e+000
  4.8839399e+003  9.9023223e-001  2.4358976e+000
  4.8959399e+003  9.3650812e-001  2.4310136e+000
  4.9079399e+003  8.9987808e-001  3.2295485e+000
  4.9199395e+003  9.0232009e-001  3.2417586e+000
  4.9319395e+003  9.2674011e-001  3.2368746e+000
  4.9439395e+003  9.5116019e-001  3.2319906e+000
  4.9559390e+003  9.7558022e-001  3.2295485e+000
  4.9679390e+003  1.0000002e+000  3.2319906e+000
  4.9799390e+003  1.0122102e+000  3.2246644e+000
  4.9919385e+003  1.0341883e+000  3.2417586e+000
  5.0039385e+003  1.0439563e+000  3.2466426e+000
  5.0159385e+003  1.0512823e+000  3.2466426e+000
  5.0279380e+003  1.0708183e+000  4.3626375e+000
  5.0399385e+003  1.1611724e+000  4.3748479e+000
  5.0519380e+003  1.2612945e+000  4.3724055e+000
  5.0639380e+003  1.3736266e+000  4.3821735e+000
  5.0759375e+003  1.4664227e+000  4.3504276e+000
  5.0879375e+003  1.5470088e+000  3.9768014e+000
  5.0999375e+003  1.5811968e+000  3.9645913e+000
  5.1119370e+003  1.5934068e+000  3.9743593e+000
  5.1239370e+003  1.6031748e+000  3.9670334e+000
  5.1359370e+003  1.6031748e+000  3.9743593e+000
  5.1479365e+003  1.5909648e+000  8.8278407e-001
  5.1599365e+003  1.4542127e+000  8.9011008e-001
  5.1719365e+003  1.2686205e+000  8.9011008e-001
  5.1839360e+003  1.0927963e+000  8.9255208e-001
  5.1959360e+003  9.3895018e-001  8.9011008e-001
  5.2079360e+003  8.0464000e-001  8.8766807e-001
  5.2199360e+003  6.9474989e-001  8.8522607e-001
  5.2319355e+003  5.9462780e-001  8.9011008e-001
  5.2439355e+003  5.1159972e-001  8.8766807e-001
  5.2559355e+003  4.5054963e-001  8.8034207e-001
  5.2679355e+003  3.9438358e-001  1.5079367e+000
  5.2799351e+003  3.5775354e-001  1.5225887e+000
  5.2919351e+003  3.3577552e-001  1.5201467e+000
  5.3039346e+003  3.2356551e-001  1.5177047e+000
  5.3159346e+003  3.1135550e-001  1.5128207e+000
  5.3279346e+003  3.0158749e-001  2.2307694e+000
  5.3399346e+003  3.1868151e-001  2.2405374e+000
  5.3519341e+003  3.4554353e-001  2.2503054e+000
  5.3639341e+003  3.7484756e-001  2.2210014e+000
  5.3759341e+003  3.9926758e-001  2.2210014e+000
  5.3879341e+003  4.2857161e-001  2.6141639e+000
  5.3999341e+003  4.5787564e-001  2.6141639e+000
  5.4119336e+003  5.0427371e-001  2.6312580e+000
  5.4239336e+003  5.4578775e-001  2.6361420e+000
  5.4359331e+003  5.7997578e-001  2.6385839e+000
  5.4479331e+003  6.0439581e-001  3.8058612e+000
  5.4599331e+003  6.8742388e-001  3.8205132e+000
  5.4719331e+003  7.9975599e-001  3.8205132e+000
  5.4839326e+003  9.0476209e-001  3.8278391e+000
  5.4959326e+003  1.0073262e+000  3.8131871e+000
  5.5079321e+003  1.0952383e+000  1.8571430e+000
  5.5199321e+003  1.0830283e+000  1.8571430e+000
  5.5319321e+003  1.0073262e+000  1.8595850e+000
  5.5439316e+003  9.2429811e-001  1.8620270e+000
  5.5559321e+003  8.4371203e-001  1.8473750e+000
  5.5679316e+003  7.7777797e-001  3.8327231e+000
  5.5799316e+003  7.8998798e-001  3.8449333e+000
  5.5919312e+003  8.7301606e-001  3.8424912e+000
  5.6039312e+003  9.7069621e-001  3.8449333e+000
  5.6159312e+003  1.0561663e+000  3.8547013e+000
  5.6279307e+003  1.1294264e+000  2.6483519e+000
  5.6399307e+003  1.1050063e+000  9.6337020e-001
  5.6519307e+003  9.9023223e-001  9.5360220e-001
  5.6639302e+003  8.7057406e-001  9.5360220e-001
  5.6759302e+003  7.6312596e-001  9.5116019e-001
  5.6879302e+003  6.6300386e-001  9.5360220e-001
  5.6999302e+003  5.9706980e-001  2.0036633e+000
  5.7119302e+003  5.6043976e-001  2.0085473e+000
  5.7239297e+003  5.3601974e-001  2.0109892e+000
  5.7359297e+003  5.1892573e-001  2.0134313e+000
  5.7479292e+003  5.0915772e-001  2.0158732e+000
  5.7599292e+003  5.0671572e-001  2.4188037e+000
  5.7719292e+003  5.2380973e-001  2.4236877e+000
  5.7839287e+003  5.3846174e-001  2.4212456e+000
  5.7959287e+003  5.5311376e-001  2.4212456e+000
  5.8079287e+003  5.7020778e-001  2.4163616e+000
  5.8199282e+003  5.7020778e-001  1.8669111e+000
  5.8319282e+003  5.5311376e-001  1.8717951e+000
  5.8439282e+003  5.3357774e-001  1.8693531e+000
  5.8559282e+003  5.1404172e-001  1.8717951e+000
  5.8679277e+003  4.9938971e-001  1.8522590e+000
  5.8799277e+003  4.7008568e-001  9.6825421e-001
  5.8919277e+003  4.2368761e-001  9.6581221e-001
  5.9039272e+003  3.8949958e-001  9.6825421e-001
  5.9159272e+003  3.4554353e-001  9.6825421e-001
  5.9279272e+003  3.1135550e-001  9.6581221e-001
  5.9399268e+003  2.7716747e-001  9.6825421e-001
  5.9519268e+003  2.5030544e-001  9.7069621e-001
  5.9639268e+003  2.3076941e-001  9.7558022e-001
  5.9759268e+003  2.0879139e-001  9.6581221e-001
  5.9879263e+003  2.0146538e-001  9.7558022e-001
  5.9999263e+003  1.8192936e-001  5.7753378e-001
  6.0119263e+003  1.6483535e-001  5.7753378e-001
  6.0239258e+003  1.5018334e-001  5.7753378e-001
  6.0359258e+003  1.3308932e-001  5.7997578e-001
  6.0479258e+003  1.1599530e-001  5.7997578e-001
  6.0599258e+003  1.2332131e-001  2.3797317e+000
  6.0719253e+003  1.6483535e-001  2.3821735e+000
  6.0839253e+003  2.2832741e-001  2.3699636e+000
  6.0959253e+003  2.8693548e-001  2.3772895e+000
  6.1079248e+003  3.3577552e-001  2.3748477e+000
  6.1199248e+003  4.0659359e-001  3.6398048e+000
  6.1319248e+003  5.3113574e-001  3.6568990e+000
  6.1439243e+003  6.5811986e-001  3.6568990e+000
  6.1559243e+003  7.7289396e-001  3.6544569e+000
  6.1679243e+003  8.7790006e-001  3.6617830e+000
  6.1799238e+003  9.2429811e-001  2.6984146e-001
  6.1919238e+003  8.4615403e-001  2.6984146e-001
  6.2039238e+003  7.4603194e-001  2.7228346e-001
  6.2159238e+003  6.4102584e-001  2.6984146e-001
  6.2279233e+003  5.4822975e-001  2.6739946e-001
  6.2399233e+003  4.8473769e-001  2.5433459e+000
  6.2519233e+003  4.7985369e-001  2.5531139e+000
  6.2639229e+003  5.0183171e-001  2.5531139e+000
  6.2759229e+003  5.2869374e-001  2.5579979e+000
  6.2879229e+003  5.5555576e-001  2.5579979e+000
  6.2999224e+003  5.7997578e-001  2.5531139e+000
  6.3119224e+003  5.9951180e-001  2.5506718e+000
  6.3239224e+003  6.1660582e-001  2.5628819e+000
  6.3359219e+003  6.3369983e-001  2.5531139e+000
  6.3479219e+003  6.4835185e-001  2.5482299e+000
  6.3599219e+003  6.8498188e-001  4.2722836e+000
  6.3719219e+003  8.1685001e-001  4.2478638e+000
  6.3839214e+003  9.6581221e-001  4.2478638e+000
  6.3959214e+003  1.1050063e+000  4.2454214e+000
  6.4079214e+003  1.2319905e+000  4.2454214e+000
  6.4199214e+003  1.3247865e+000  3.4371188e+000
  6.4319214e+003  1.3369966e+000  3.4420028e+000
  6.4439209e+003  1.3369966e+000  3.4371188e+000
  6.4559209e+003  1.3296705e+000  3.4371188e+000
  6.4679204e+003  1.3125765e+000  3.4346766e+000
  6.4799204e+003  1.3076925e+000  4.0061054e+000
  6.4919204e+003  1.3492066e+000  4.0134315e+000
  6.5039199e+003  1.3907206e+000  4.0207572e+000
  6.5159199e+003  1.4297926e+000  4.0207572e+000
  6.5279199e+003  1.4639807e+000  4.0183153e+000
  6.5399194e+003  1.4859587e+000  2.6800981e+000
  6.5519194e+003  1.4151406e+000  2.6800981e+000
  6.5639194e+003  1.3272285e+000  2.6874239e+000
  6.5759189e+003  1.2442005e+000  2.6996341e+000
  6.5879189e+003  1.1709404e+000  2.6996341e+000
  6.5999189e+003  1.1172163e+000  3.8131871e+000
  6.6119189e+003  1.1367524e+000  3.7887671e+000
  6.6239185e+003  1.1855924e+000  3.7936511e+000
  6.6359185e+003  1.2319905e+000  3.7887671e+000
  6.6479185e+003  1.2735045e+000  3.8009772e+000
  6.6599180e+003  1.2979245e+000  8.7545806e-001
  6.6719180e+003  1.1904764e+000  8.7301606e-001
  6.6839180e+003  1.0488403e+000  8.7545806e-001
  6.6959175e+003  9.1208810e-001  8.8278407e-001
  6.7079175e+003  7.8754598e-001  8.8034207e-001
  6.7199175e+003  6.7765588e-001  8.7790006e-001
  6.7319175e+003  5.8974379e-001  8.7545806e-001
  6.7439170e+003  5.0915772e-001  8.7545806e-001
  6.7559170e+003  4.4322362e-001  8.7301606e-001
  6.7679170e+003  3.8949958e-001  8.7301606e-001
  6.7799170e+003  3.4310153e-001  3.1855924e+000
  6.7919165e+003  3.7973157e-001  3.1807084e+000
  6.8039165e+003  4.6520165e-001  3.1929185e+000
  6.8159160e+003  5.4578775e-001  3.2051284e+000
  6.8279160e+003  6.3369983e-001  3.1953604e+000
  6.8399160e+003  7.0451790e-001  5.2625173e-001
  6.8519160e+003  6.7765588e-001  5.2136773e-001
  6.8639155e+003  6.1416382e-001  5.2380973e-001
  6.8759155e+003  5.3846174e-001  5.2625173e-001
  6.8879155e+003  4.7008568e-001  5.2136773e-001
  6.8999150e+003  3.9682558e-001  1.7216136e-001
  6.9119150e+003  3.3821753e-001  1.7216136e-001
  6.9239150e+003  2.8693548e-001  1.7216136e-001
  6.9359146e+003  2.4053744e-001  1.7216136e-001
  6.9479150e+003  2.0879139e-001  1.7460336e-001
  6.9599146e+003  1.7460336e-001  1.9181932e+000
  6.9719141e+003  1.7460336e-001  1.9181932e+000
  6.9839141e+003  1.9413938e-001  1.9279612e+000
  6.9959141e+003  2.1611740e-001  1.9133092e+000
  7.0079141e+003  2.5274745e-001  1.9181932e+000
  7.0199136e+003  2.7228346e-001  8.2906002e-001
  7.0319136e+003  2.7228346e-001  1.8437137e-001
  7.0439136e+003  2.4297944e-001  1.8437137e-001
  7.0559131e+003  2.1123339e-001  1.8437137e-001
  7.0679131e+003  1.7948736e-001  1.8437137e-001
  7.0799131e+003  1.5750934e-001  2.5433459e+000
  7.0919126e+003  1.8437137e-001  3.1343105e+000
  7.1039126e+003  2.7960947e-001  3.1416364e+000
  7.1159126e+003  3.8217357e-001  3.1489625e+000
  7.1279126e+003  4.8473769e-001  3.1636145e+000
  7.1399121e+003  5.7264978e-001  3.7570212e+000
  7.1519121e+003  6.9963390e-001  4.1868134e+000
  7.1639121e+003  8.5592204e-001  4.2087917e+000
  7.1759116e+003  1.0097682e+000  4.1868134e+000
  7.1879116e+003  1.1440784e+000  4.2136755e+000
  7.1999116e+003  1.2539685e+000  4.2136755e+000
  7.2119116e+003  1.2539685e+000  1.0122102e+000
  7.2239111e+003  1.1245424e+000  1.0195363e+000
  7.2359111e+003  9.9023223e-001  1.0073262e+000
  7.2479111e+003  8.5836405e-001  1.0073262e+000
  7.2599106e+003  7.5091594e-001  1.0073262e+000
  7.2719106e+003  6.4835185e-001  7.4603194e-001
  7.2839106e+003  5.6532377e-001  7.3870593e-001
  7.2959102e+003  4.8473769e-001  7.4358994e-001
  7.3079102e+003  4.1636160e-001  7.3870593e-001
  7.3199102e+003  3.6019555e-001  7.3870593e-001
  7.3319097e+003  3.1623951e-001  7.4358994e-001
  7.3439102e+003  2.7472547e-001  7.4847394e-001
  7.3559097e+003  2.4053744e-001  7.4358994e-001
  7.3679097e+003  2.1855940e-001  7.4358994e-001
  7.3799092e+003  1.9169737e-001  7.3870593e-001
  7.3919092e+003  1.8192936e-001  1.3565326e+000
  7.4039092e+003  1.7460336e-001  1.3565326e+000
  7.4159087e+003  1.7704536e-001  1.3467646e+000
  7.4279087e+003  1.8437137e-001  1.3516486e+000
  7.4399087e+003  1.8925537e-001  1.3492066e+000
  7.4519082e+003  2.3321141e-001  3.9670334e+000
  7.4639082e+003  3.8949958e-001  3.9792433e+000
  7.4759082e+003  5.5799776e-001  3.9694753e+000
  7.4879077e+003  7.3137993e-001  3.9474974e+000
  7.4999077e+003  8.7790006e-001  3.9548233e+000
  7.5119077e+003  9.7802222e-001  2.8192921e+000
  7.5239077e+003  9.9511623e-001  2.8339441e+000
  7.5359077e+003  9.8779023e-001  2.8095241e+000
  7.5479072e+003  9.7313821e-001  2.8192921e+000
  7.5599072e+003  9.5604420e-001  2.8168502e+000
  7.5719067e+003  9.4383419e-001  2.8119662e+000
  7.5839067e+003  9.2918211e-001  2.8168502e+000
  7.5959067e+003  9.2185610e-001  2.8192921e+000
  7.6079062e+003  9.0720409e-001  2.8363862e+000
  7.6199062e+003  9.0476209e-001  2.8266182e+000
  7.6319062e+003  8.7545806e-001  6.5323585e-001
  7.6439062e+003  7.8754598e-001  6.5323585e-001
  7.6559058e+003  6.8742388e-001  6.5323585e-001
  7.6679058e+003  5.8974379e-001  6.5323585e-001
  7.6799058e+003  5.0915772e-001  6.5323585e-001
  7.6919053e+003  4.6031764e-001  3.1074483e+000
  7.7039053e+003  4.9450570e-001  3.0830283e+000
  7.7159053e+003  5.5555576e-001  3.0854704e+000
  7.7279053e+003  6.1660582e-001  3.0903544e+000
  7.7399048e+003  6.8009788e-001  3.0732603e+000
  7.7519048e+003  7.1916992e-001  1.4884007e+000
  7.7639048e+003  6.9230789e-001  1.4884007e+000
  7.7759043e+003  6.4102584e-001  1.4908427e+000
  7.7879043e+003  5.8730179e-001  1.4884007e+000
  7.7999043e+003  5.3357774e-001  1.5006107e+000
  7.8119038e+003  4.9694771e-001  1.4957267e+000
  7.8239038e+003  4.5787564e-001  1.4859587e+000
  7.8359038e+003  4.2612961e-001  1.4859587e+000
  7.8479033e+003  4.0170959e-001  1.4908427e+000
  7.8599038e+003  3.7973157e-001  1.4908427e+000
  7.8719033e+003  3.6019555e-001  2.3626375e+000
  7.8839033e+003  3.6507955e-001  2.3724055e+000
  7.8959028e+003  3.8949958e-001  2.3577535e+000
  7.9079028e+003  4.1880360e-001  2.3626375e+000
  7.9199028e+003  4.5054963e-001  2.3626375e+000
  7.9319023e+003  4.7252768e-001  1.1367524e+000
  7.9439023e+003  4.6520165e-001  6.1660582e-001
  7.9559023e+003  4.2368761e-001  6.1416382e-001
  7.9679023e+003  3.7240556e-001  6.1416382e-001
  7.9799019e+003  3.1868151e-001  6.1416382e-001
  7.9919019e+003  2.8449348e-001  2.6459100e+000
  8.0039019e+003  2.8693548e-001  2.6459100e+000
  8.0159014e+003  3.3333352e-001  2.6654460e+000
  8.0279014e+003  3.8949958e-001  2.6434679e+000
  8.0399014e+003  4.4810763e-001  2.6630039e+000
  8.0519009e+003  4.9938971e-001  3.9084253e+000
  8.0639009e+003  5.9706980e-001  3.9133093e+000
  8.0759009e+003  7.2649592e-001  3.9548233e+000
  8.0879009e+003  8.6080605e-001  3.9010992e+000
  8.0999009e+003  9.7558022e-001  3.8913312e+000
  8.1119004e+003  1.0830283e+000  2.9389503e+000
  8.1238999e+003  1.1221004e+000  2.9413922e+000
  8.1359004e+003  1.1074483e+000  2.9560442e+000
  8.1478999e+003  1.0903543e+000  2.9560442e+000
  8.1598999e+003  1.0683763e+000  2.9536023e+000
  8.1718999e+003  1.0463983e+000  4.3821735e+000
  8.1838994e+003  1.1001223e+000  4.3846159e+000
  8.1958994e+003  1.2124544e+000  4.3748479e+000
  8.2078994e+003  1.3174605e+000  4.3528695e+000
  8.2198994e+003  1.4224666e+000  4.3675218e+000
  8.2318984e+003  1.5079367e+000  3.4371188e+000
  8.2438984e+003  1.4957267e+000  2.5311358e+000
  8.2558984e+003  1.3956046e+000  2.5433459e+000
  8.2678984e+003  1.2979245e+000  2.5213678e+000
  8.2798984e+003  1.2100124e+000  2.5286939e+000
  8.2918984e+003  1.1343104e+000  2.3504276e+000
  8.3038975e+003  1.0244203e+000  5.6532377e-001
  8.3158975e+003  8.9255208e-001  5.6776577e-001
  8.3278975e+003  7.6556796e-001  5.6776577e-001
  8.3398975e+003  6.5323585e-001  5.6776577e-001
  8.3518975e+003  5.6043976e-001  5.6532377e-001
  8.3638975e+003  5.5555576e-001  4.2478638e+000
  8.3758975e+003  6.8986589e-001  4.2649574e+000
  8.3878965e+003  8.4615403e-001  4.2429795e+000
  8.3998965e+003  1.0024422e+000  4.2185597e+000
  8.4118965e+003  1.1465204e+000  4.2283278e+000
  8.4238965e+003  1.1782664e+000  1.9108672e+000
  8.4358965e+003  1.0976803e+000  1.9035412e+000
  8.4478965e+003  1.0146523e+000  1.9010992e+000
  8.4598965e+003  9.2674011e-001  1.9084252e+000
  8.4718955e+003  8.4859604e-001  1.9010992e+000
  8.4838955e+003  7.6068395e-001  4.2612961e-001
  8.4958955e+003  6.6300386e-001  4.2612961e-001
  8.5078955e+003  5.7020778e-001  4.2368761e-001
  8.5198955e+003  4.8229569e-001  4.2612961e-001
  8.5318955e+003  4.1147760e-001  4.2612961e-001
  8.5438945e+003  3.7484756e-001  2.3943837e+000
  8.5558945e+003  3.8705757e-001  2.3992677e+000
  8.5678945e+003  4.1147760e-001  2.3894997e+000
  8.5798945e+003  4.4566563e-001  2.3943837e+000
  8.5918945e+003  4.7741169e-001  2.3968256e+000
  8.6038945e+003  4.8229569e-001  1.0293043e+000
  8.6158945e+003  4.5054963e-001  1.0146523e+000
  8.6278936e+003  4.0659359e-001  1.0146523e+000
  8.6398936e+003  3.6996356e-001  1.0146523e+000
  8.6518936e+003  3.2844952e-001  1.0219783e+000
  8.6638936e+003  3.1379750e-001  2.1868134e+000
  8.6758936e+003  3.2844952e-001  2.1843715e+000
  8.6878936e+003  3.5775354e-001  2.1892555e+000
  8.6998926e+003  3.7728956e-001  2.1916974e+000
  8.7118926e+003  4.0415159e-001  2.1916974e+000
  8.7238926e+003  4.2612961e-001  2.1916974e+000
  8.7358926e+003  4.4322362e-001  2.1819294e+000
  8.7478926e+003  4.6520165e-001  2.1941395e+000
  8.7598926e+003  4.7496968e-001  2.1770453e+000
  8.7718926e+003  4.8473769e-001  2.1770453e+000
  8.7838916e+003  5.4578775e-001  4.3455439e+000
  8.7958916e+003  7.1184391e-001  4.3089137e+000
  8.8078916e+003  8.9011008e-001  4.3186817e+000
  8.8198916e+003  1.0586083e+000  4.3260078e+000
  8.8318916e+003  1.2026864e+000  4.3260078e+000
  8.8438916e+003  1.2368745e+000  6.7277187e-001
  8.8558916e+003  1.1196584e+000  6.7521387e-001
  8.8678916e+003  9.7802222e-001  6.6788787e-001
  8.8798906e+003  8.4859604e-001  6.6544586e-001
  8.8918906e+003  7.3137993e-001  6.6544586e-001
  8.9038906e+003  6.2881583e-001  1.2246644e+000
  8.9158906e+003  5.5067176e-001  1.2197804e+000
  8.9278906e+003  4.9450570e-001  1.2271065e+000
  8.9398896e+003  4.3833962e-001  1.2295485e+000
  8.9518896e+003  3.9926758e-001  1.2246644e+000
  8.9638896e+003  3.6263755e-001  1.2246644e+000
  8.9758896e+003  3.3089152e-001  1.2466425e+000
  8.9878896e+003  3.0402950e-001  1.2271065e+000
  8.9998896e+003  2.8449348e-001  1.2319905e+000
  9.0118896e+003  2.7472547e-001  1.2295485e+000
  9.0238887e+003  2.7960947e-001  2.7728941e+000
  9.0358887e+003  3.3333352e-001  2.7802200e+000
  9.0478887e+003  3.9682558e-001  2.7655680e+000
  9.0598887e+003  4.6764365e-001  2.7899880e+000
  9.0718887e+003  5.2380973e-001  2.7777781e+000
  9.0838887e+003  5.5067176e-001  4.5543364e-001
  9.0958887e+003  5.0671572e-001  4.5787564e-001
  9.1078877e+003  4.5299164e-001  4.5299164e-001
  9.1198877e+003  3.9438358e-001  4.5787564e-001
  9.1318877e+003  3.3821753e-001  4.5299164e-001
  9.1438877e+003  3.0891350e-001  2.5164838e+000
  9.1558877e+003  3.3577552e-001  2.4920638e+000
  9.1678877e+003  3.7728956e-001  2.4969478e+000
  9.1798877e+003  4.2368761e-001  2.5262518e+000
  9.1918877e+003  4.6764365e-001  2.4993896e+000
  9.2038867e+003  5.0427371e-001  2.5042739e+000
  9.2158867e+003  5.3601974e-001  2.5140419e+000
  9.2278867e+003  5.6288177e-001  2.5018318e+000
  9.2398867e+003  5.8974379e-001  2.4969478e+000
  9.2518867e+003  6.0683781e-001  2.4969478e+000
  9.2638857e+003  6.4346784e-001  3.6056168e+000
  9.2758857e+003  7.3137993e-001  3.6178269e+000
  9.2878857e+003  8.2417601e-001  3.5982909e+000
  9.2998857e+003  9.0476209e-001  3.5934069e+000
  9.3118857e+003  9.8534822e-001  3.5982909e+000
  9.3238857e+003  1.0122102e+000  1.0854703e+000
  9.3358848e+003  9.2674011e-001  1.0903543e+000
  9.3478848e+003  8.2661802e-001  1.0879123e+000
  9.3598848e+003  7.2893792e-001  1.0854703e+000
  9.3718848e+003  6.4590985e-001  1.0854703e+000
  9.3838848e+003  5.7264978e-001  2.0915754e+000
  9.3958848e+003  5.4090375e-001  2.0818074e+000
  9.4078848e+003  5.2380973e-001  2.1086693e+000
  9.4198848e+003  5.1892573e-001  2.0964594e+000
  9.4318838e+003  5.0915772e-001  2.1037853e+000
  9.4438838e+003  5.0183171e-001  1.6398048e+000
  9.4558838e+003  4.8229569e-001  1.6520149e+000
  9.4678838e+003  4.6275964e-001  1.6373628e+000
  9.4798838e+003  4.4322362e-001  1.6495728e+000
  9.4918838e+003  4.2368761e-001  1.6520149e+000
  9.5038828e+003  4.0415159e-001  1.0586083e+000
  9.5158828e+003  3.6996356e-001  1.0561663e+000
  9.5278828e+003  3.4065953e-001  1.0610503e+000
  9.5398828e+003  3.1135550e-001  1.0561663e+000
  9.5518828e+003  2.8693548e-001  1.0586083e+000
  9.5638828e+003  2.6251546e-001  3.4065953e-001
  9.5758818e+003  2.3076941e-001  3.4554353e-001
  9.5878818e+003  1.9902338e-001  3.4310153e-001
  9.5998818e+003  1.6727735e-001  3.4554353e-001
  9.6118818e+003  1.4774133e-001  3.4798554e-001
  9.6238818e+003  1.4774133e-001  3.8131871e+000
  9.6358818e+003  2.6984146e-001  3.8156292e+000
  9.6478818e+003  4.3345562e-001  3.8131871e+000
  9.6598809e+003  5.9218580e-001  3.8131871e+000
  9.6718809e+003  7.4847394e-001  3.8180711e+000
  9.6838809e+003  8.6324805e-001  1.9181932e+000
  9.6958809e+003  8.5836405e-001  1.9206352e+000
  9.7078809e+003  8.1929201e-001  1.9206352e+000
  9.7198809e+003  7.6556796e-001  1.9304032e+000
  9.7318809e+003  7.1672791e-001  1.9304032e+000
  9.7438799e+003  6.7032987e-001  6.0927981e-001
  9.7558799e+003  5.9706980e-001  6.0439581e-001
  9.7678799e+003  5.2136773e-001  6.0439581e-001
  9.7798799e+003  4.5054963e-001  6.0439581e-001
  9.7918799e+003  3.8949958e-001  6.0439581e-001
  9.8038799e+003  3.4798554e-001  4.2039075e+000
  9.8158799e+003  4.5299164e-001  4.2039075e+000
  9.8278789e+003  6.2637383e-001  4.1965814e+000
  9.8398789e+003  8.0464000e-001  4.2136755e+000
  9.8518789e+003  9.6825421e-001  4.2112336e+000
  9.8638789e+003  1.0952383e+000  1.8864472e+000
  9.8758789e+003  1.0781443e+000  1.8693531e+000
  9.8878789e+003  9.9755824e-001  1.8669111e+000
  9.8998789e+003  9.1941410e-001  1.8864472e+000
  9.9118779e+003  8.4127003e-001  1.8693531e+000
  9.9238779e+003  7.7533597e-001  5.8485979e-001
  9.9358779e+003  6.8498188e-001  5.8974379e-001
  9.9478779e+003  5.9218580e-001  5.7997578e-001
  9.9598779e+003  5.0915772e-001  5.8730179e-001
  9.9718779e+003  4.4078162e-001  5.8485979e-001
  9.9838770e+003  3.7728956e-001  4.0354095e+000
  9.9958770e+003  4.5543364e-001  3.9914534e+000
  1.0007877e+004  5.9706980e-001  4.0036635e+000
  1.0019877e+004  7.5579995e-001  4.0036635e+000
  1.0031877e+004  9.0232009e-001  4.0085473e+000
  1.0043877e+004  1.0219783e+000  6.8253988e-001
  1.0055876e+004  9.9267423e-001  4.6764365e-001
  1.0067876e+004  8.8766807e-001  4.6764365e-001
  1.0079876e+004  7.6800996e-001  4.7008568e-001
  1.0091876e+004  6.6300386e-001  4.7496968e-001
  1.0103876e+004  5.6776577e-001  9.1941410e-001
  1.0115876e+004  4.9206370e-001  9.1697210e-001
  1.0127876e+004  4.2368761e-001  9.1208810e-001
  1.0139875e+004  3.7240556e-001  9.1453010e-001
  1.0151875e+004  3.2600752e-001  9.1697210e-001
  1.0163875e+004  2.9181948e-001  2.4053744e-001
  1.0175875e+004  2.5030544e-001  1.0622729e-001
  1.0187875e+004  2.1611740e-001  1.0622729e-001
  1.0199875e+004  1.8437137e-001  1.0378528e-001
  1.0211874e+004  1.5506734e-001  1.0622729e-001
  1.0223874e+004  1.2576331e-001  1.6373628e+000
  1.0235874e+004  1.3064732e-001  1.6349208e+000
  1.0247874e+004  1.4285733e-001  1.6446888e+000
  1.0259874e+004  1.6239335e-001  1.6471308e+000
  1.0271874e+004  1.8437137e-001  1.6446888e+000
  1.0283874e+004  2.0634939e-001  1.1245424e+000
  1.0295874e+004  2.1611740e-001  1.1245424e+000
  1.0307873e+004  2.1123339e-001  1.1318684e+000
  1.0319873e+004  2.0390738e-001  1.1318684e+000
  1.0331873e+004  1.9902338e-001  1.1391944e+000
  1.0343873e+004  1.9413938e-001  6.7032987e-001
  1.0355873e+004  1.8192936e-001  5.8241779e-001
  1.0367872e+004  1.6483535e-001  5.7997578e-001
  1.0379872e+004  1.5018334e-001  5.8241779e-001
  1.0391872e+004  1.3553132e-001  5.8241779e-001
  1.0403872e+004  1.2576331e-001  3.4371188e+000
  1.0415872e+004  1.7704536e-001  3.7301590e+000
  1.0427872e+004  3.1868151e-001  3.7032969e+000
  1.0439872e+004  4.8229569e-001  3.7179489e+000
  1.0451871e+004  6.3858384e-001  3.7252750e+000
  1.0463872e+004  7.6556796e-001  3.6886449e+000
  1.0475871e+004  8.2417601e-001  1.8595850e+000
  1.0487871e+004  7.9975599e-001  1.8595850e+000
  1.0499871e+004  7.5335795e-001  1.8595850e+000
  1.0511871e+004  7.0695990e-001  1.8595850e+000
  1.0523871e+004  6.5567786e-001  1.8595850e+000
  1.0535870e+004  6.0927981e-001  1.3247865e+000
  1.0547870e+004  5.5799776e-001  1.3321126e+000
  1.0559870e+004  5.0671572e-001  1.3296705e+000
  1.0571870e+004  4.6275964e-001  1.3321126e+000
  1.0583870e+004  4.2124560e-001  1.3296705e+000
  1.0595870e+004  3.9682558e-001  2.1916974e+000
  1.0607870e+004  4.0903559e-001  2.1770453e+000
  1.0619869e+004  4.2124560e-001  2.1819294e+000
  1.0631869e+004  4.3589762e-001  2.1843715e+000
  1.0643869e+004  4.5543364e-001  2.1868134e+000
  1.0655869e+004  4.9450570e-001  3.5201468e+000
  1.0667869e+004  5.9218580e-001  3.5372407e+000
  1.0679869e+004  6.9230789e-001  3.4908428e+000
  1.0691868e+004  7.8998798e-001  3.4981687e+000
  1.0703868e+004  8.7057406e-001  3.5030527e+000
  1.0715868e+004  9.6581221e-001  4.1819296e+000
  1.0727868e+004  1.0830283e+000  4.2112336e+000
  1.0739868e+004  1.2002444e+000  4.2087917e+000
  1.0751868e+004  1.3003665e+000  4.1990237e+000
  1.0763868e+004  1.3833946e+000  4.2087917e+000
  1.0775867e+004  1.4200246e+000  3.0244203e+000
  1.0787867e+004  1.3809526e+000  3.0317464e+000
  1.0799867e+004  1.3247865e+000  3.0293043e+000
  1.0811867e+004  1.2808305e+000  3.0341883e+000
  1.0823867e+004  1.2393165e+000  3.0366304e+000
  1.0835867e+004  1.1684984e+000  1.0048842e+000
  1.0847866e+004  1.0439563e+000  1.0048842e+000
  1.0859866e+004  9.0720409e-001  1.0048842e+000
  1.0871866e+004  7.9242998e-001  1.0073262e+000
  1.0883866e+004  6.8742388e-001  9.9755824e-001
  1.0895866e+004  6.1904782e-001  3.0073264e+000
  1.0907866e+004  6.2881583e-001  3.0122104e+000
  1.0919866e+004  6.6300386e-001  2.9926744e+000
  1.0931865e+004  7.1184391e-001  2.9975584e+000
  1.0943865e+004  7.5091594e-001  2.9926744e+000
  1.0955865e+004  7.9487199e-001  3.9743593e+000
  1.0967865e+004  9.0232009e-001  3.9474974e+000
  1.0979865e+004  1.0073262e+000  3.9450552e+000
  1.0991865e+004  1.1147743e+000  3.9572654e+000
  1.1003864e+004  1.2002444e+000  3.9670334e+000
  1.1015865e+004  1.2442005e+000  9.3650812e-001
  1.1027864e+004  1.1391944e+000  9.3406612e-001
  1.1039864e+004  1.0097682e+000  9.3406612e-001
  1.1051864e+004  8.7790006e-001  9.3895018e-001
  1.1063864e+004  7.6556796e-001  9.3650812e-001
  1.1075864e+004  6.7765588e-001  3.7765572e+000
  1.1087863e+004  7.2405392e-001  3.7716732e+000
  1.1099863e+004  8.1685001e-001  3.7594631e+000
  1.1111863e+004  9.1697210e-001  3.7667892e+000
  1.1123863e+004  1.0048842e+000  3.7765572e+000
  1.1135863e+004  1.0634923e+000  1.9206352e+000
  1.1147863e+004  1.0219783e+000  1.9133092e+000
  1.1159863e+004  9.5604420e-001  1.9181932e+000
  1.1171862e+004  8.7301606e-001  1.9230772e+000
  1.1183862e+004  8.0708200e-001  1.9230772e+000
  1.1195862e+004  7.4847394e-001  2.6141639e+000
  1.1207862e+004  7.3137993e-001  2.6043959e+000
  1.1219862e+004  7.2405392e-001  2.6190479e+000
  1.1231862e+004  7.2161192e-001  2.6239319e+000
  1.1243861e+004  7.2405392e-001  2.5995119e+000
  1.1255862e+004  7.3137993e-001  3.7106230e+000
  1.1267861e+004  7.9487199e-001  3.7203910e+000
  1.1279861e+004  8.8522607e-001  3.7277169e+000
  1.1291861e+004  9.6825421e-001  3.7155070e+000
  1.1303861e+004  1.0439563e+000  3.7008550e+000
  1.1315861e+004  1.1074483e+000  3.4346766e+000
  1.1327860e+004  1.1489624e+000  3.4517708e+000
  1.1339860e+004  1.1684984e+000  3.4468868e+000
  1.1351860e+004  1.1880344e+000  3.4590967e+000
  1.1363860e+004  1.1953604e+000  3.4444447e+000
  1.1375860e+004  1.2075704e+000  3.4688647e+000
  1.1387860e+004  1.2173384e+000  3.4615388e+000
  1.1399860e+004  1.2246644e+000  3.4761908e+000
  1.1411860e+004  1.2246644e+000  3.4517708e+000
  1.1423859e+004  1.2344325e+000  3.4566548e+000
  1.1435859e+004  1.2319905e+000  2.0891333e+000
  1.1447859e+004  1.1636144e+000  2.0744812e+000
  1.1459859e+004  1.0781443e+000  2.0866914e+000
  1.1471859e+004  9.8779023e-001  2.0891333e+000
  1.1483858e+004  9.1453010e-001  2.0964594e+000
  1.1495858e+004  8.4615403e-001  4.3357759e+000
  1.1507858e+004  8.9987808e-001  4.3235655e+000
  1.1519858e+004  1.0317463e+000  4.3504276e+000
  1.1531858e+004  1.1636144e+000  4.3260078e+000
  1.1543858e+004  1.2832725e+000  4.2918196e+000
  1.1555858e+004  1.3882786e+000  2.8901103e+000
  1.1567857e+004  1.3833946e+000  2.8779001e+000
  1.1579857e+004  1.3272285e+000  2.8901103e+000
  1.1591857e+004  1.2686205e+000  2.8974361e+000
  1.1603857e+004  1.2148964e+000  2.8998783e+000
  1.1615857e+004  1.1684984e+000  1.9377292e+000
  1.1627857e+004  1.0879123e+000  1.9474972e+000
  1.1639857e+004  9.9511623e-001  1.9499393e+000
  1.1651856e+004  9.0720409e-001  1.9499393e+000
  1.1663856e+004  8.3394402e-001  1.9523813e+000
  1.1675856e+004  7.7045196e-001  3.8693533e+000
  1.1687856e+004  7.8754598e-001  3.8864472e+000
  1.1699856e+004  8.7790006e-001  3.8669112e+000
  1.1711856e+004  9.7313821e-001  3.8571432e+000
  1.1723856e+004  1.0634923e+000  3.8595853e+000
  1.1735855e+004  1.1465204e+000  2.9584863e+000
  1.1747855e+004  1.1758244e+000  2.9267402e+000
  1.1759855e+004  1.1514044e+000  2.9267402e+000
  1.1771855e+004  1.1245424e+000  2.9291823e+000
  1.1783855e+004  1.0903543e+000  2.9438343e+000
  1.1795855e+004  1.0708183e+000  3.2686205e+000
  1.1807854e+004  1.0610503e+000  3.2637365e+000
  1.1819854e+004  1.0683763e+000  3.2661786e+000
  1.1831854e+004  1.0781443e+000  3.2759466e+000
  1.1843854e+004  1.0927963e+000  3.2832725e+000
  1.1855854e+004  1.1001223e+000  3.2710626e+000
  1.1867854e+004  1.1367524e+000  3.9645913e+000
  1.1879854e+004  1.1978024e+000  3.9670334e+000
  1.1891854e+004  1.2637365e+000  3.9426134e+000
  1.1903854e+004  1.3199025e+000  3.9450552e+000
  1.1915854e+004  1.3711846e+000  3.9499393e+000
  1.1927854e+004  1.4322346e+000  4.4407816e+000
  1.1939854e+004  1.5079367e+000  4.4163618e+000
  1.1951854e+004  1.5885228e+000  4.4139199e+000
  1.1963853e+004  1.6544569e+000  4.4456658e+000
  1.1975853e+004  1.7081809e+000  4.4139199e+000
  1.1987853e+004  1.7594630e+000  4.4261298e+000
  1.1999853e+004  1.7912090e+000  4.4505496e+000
  1.2011853e+004  1.8180710e+000  4.4481077e+000
  1.2023853e+004  1.8449330e+000  4.4310136e+000
  1.2035853e+004  1.8669111e+000  4.4481077e+000
  1.2047852e+004  1.8620270e+000  3.2661786e+000
  1.2059852e+004  1.7741150e+000  3.2710626e+000
  1.2071852e+004  1.6813189e+000  3.2417586e+000
  1.2083852e+004  1.5909648e+000  3.2564106e+000
  1.2095852e+004  1.5177047e+000  3.2588525e+000
  1.2107852e+004  1.4175826e+000  1.8986572e+000
  1.2119851e+004  1.2857145e+000  1.8937732e+000
  1.2131851e+004  1.1514044e+000  1.8986572e+000
  1.2143851e+004  1.0366303e+000  1.8986572e+000
  1.2155851e+004  9.3162412e-001  1.9010992e+000
  1.2167851e+004  8.5592204e-001  2.4969478e+000
  1.2179851e+004  8.1196600e-001  2.4920638e+000
  1.2191851e+004  7.8021997e-001  2.4969478e+000
  1.2203850e+004  7.6068395e-001  2.4774117e+000
  1.2215850e+004  7.5091594e-001  2.4896216e+000
  1.2227850e+004  7.2405392e-001  4.4810763e-001
  1.2239850e+004  6.5323585e-001  4.4566563e-001
  1.2251850e+004  5.6776577e-001  4.4566563e-001
  1.2263850e+004  4.8717970e-001  4.4566563e-001
  1.2275849e+004  4.1880360e-001  4.4322362e-001
  1.2287849e+004  3.6263755e-001  1.6617829e+000
  1.2299849e+004  3.3821753e-001  1.6691089e+000
  1.2311849e+004  3.2112351e-001  1.6764349e+000
  1.2323849e+004  3.1623951e-001  1.6813189e+000
  1.2335849e+004  3.1623951e-001  1.6739929e+000
  1.2347849e+004  3.1868151e-001  2.5921860e+000
  1.2359848e+004  3.6019555e-001  2.5995119e+000
  1.2371848e+004  4.1147760e-001  2.5946279e+000
  1.2383848e+004  4.5787564e-001  2.6019540e+000
  1.2395848e+004  5.0183171e-001  2.5970700e+000
  1.2407848e+004  5.4334575e-001  3.9768014e+000
  1.2419848e+004  6.6788787e-001  3.9743593e+000
  1.2431848e+004  8.0952400e-001  3.9865694e+000
  1.2443847e+004  9.4383419e-001  3.9987793e+000
  1.2455847e+004  1.0610503e+000  4.0012212e+000
  1.2467847e+004  1.1416364e+000  1.8864472e+000
  1.2479847e+004  1.1001223e+000  1.8815632e+000
  1.2491847e+004  1.0195363e+000  1.8840052e+000
  1.2503847e+004  9.3650812e-001  1.8815632e+000
  1.2515847e+004  8.6080605e-001  1.8840052e+000
  1.2527847e+004  7.8998798e-001  3.3028085e+000
  1.2539846e+004  7.8998798e-001  3.3125765e+000
  1.2551846e+004  8.3394402e-001  3.3052506e+000
  1.2563846e+004  8.7301606e-001  3.3076925e+000
  1.2575846e+004  9.2185610e-001  3.2979245e+000
  1.2587846e+004  9.6092820e-001  4.0158734e+000
  1.2599845e+004  1.0341883e+000  4.0427356e+000
  1.2611845e+004  1.1294264e+000  3.9963374e+000
  1.2623845e+004  1.2148964e+000  4.0109892e+000
  1.2635845e+004  1.2857145e+000  3.9963374e+000
  1.2647845e+004  1.3467646e+000  3.1391945e+000
  1.2659845e+004  1.3418806e+000  3.1343105e+000
  1.2671844e+004  1.3028085e+000  3.1318684e+000
  1.2683844e+004  1.2661785e+000  3.1440785e+000
  1.2695844e+004  1.2344325e+000  3.1196585e+000
  1.2707844e+004  1.2100124e+000  3.6520150e+000
  1.2719844e+004  1.2124544e+000  3.6422470e+000
  1.2731844e+004  1.2344325e+000  3.6275949e+000
  1.2743844e+004  1.2539685e+000  3.6398048e+000
  1.2755844e+004  1.2710625e+000  3.6275949e+000
  1.2767843e+004  1.2905985e+000  3.0293043e+000
  1.2779843e+004  1.2710625e+000  3.0415144e+000
  1.2791843e+004  1.2368745e+000  3.0415144e+000
  1.2803843e+004  1.2026864e+000  3.0268624e+000
  1.2815843e+004  1.1684984e+000  3.0293043e+000
  1.2827843e+004  1.1391944e+000  3.0268624e+000
  1.2839842e+004  1.1172163e+000  3.0268624e+000
  1.2851842e+004  1.0927963e+000  3.0415144e+000
  1.2863842e+004  1.0757023e+000  3.0390723e+000
  1.2875842e+004  1.0610503e+000  3.0097682e+000
  1.2887842e+004  1.0488403e+000  1.8253970e+000
  1.2899842e+004  9.7558022e-001  2.1367540e-001
  1.2911841e+004  8.5348004e-001  2.1367540e-001
  1.2923841e+004  7.3626393e-001  2.1855940e-001
  1.2935841e+004  6.2148982e-001  2.1611740e-001
  1.2947841e+004  5.2869374e-001  6.4102584e-001
  1.2959841e+004  5.1159972e-001  3.6495728e+000
  1.2971841e+004  5.9706980e-001  3.6520150e+000
  1.2983841e+004  7.0451790e-001  3.6544569e+000
  1.2995840e+004  8.1196600e-001  3.6446888e+000
  1.3007840e+004  9.0232009e-001  3.6593409e+000
  1.3019840e+004  9.3895018e-001  2.2063494e+000
  1.3031840e+004  9.0964609e-001  2.2136755e+000
  1.3043840e+004  8.6324805e-001  2.2234435e+000
  1.3055840e+004  8.2173401e-001  2.2234435e+000
  1.3067840e+004  7.8266197e-001  2.2136755e+000
  1.3079839e+004  7.3870593e-001  1.9230772e+000
  1.3091839e+004  6.9230789e-001  1.9206352e+000
  1.3103839e+004  6.5567786e-001  1.9255192e+000
  1.3115839e+004  6.1660582e-001  1.9328452e+000
  1.3127839e+004  5.8485979e-001  1.9450552e+000
  1.3139839e+004  5.4090375e-001  3.1379750e-001
  1.3151838e+004  4.8229569e-001  3.1623951e-001
  1.3163839e+004  4.1147760e-001  3.2112351e-001
  1.3175838e+004  3.5286954e-001  3.1868151e-001
  1.3187838e+004  2.9914549e-001  3.2112351e-001
  1.3199838e+004  2.9426148e-001  3.2295485e+000
  1.3211838e+004  3.6263755e-001  3.2295485e+000
  1.3223838e+004  4.6275964e-001  3.2319906e+000
  1.3235838e+004  5.6288177e-001  3.2417586e+000
  1.3247837e+004  6.5079385e-001  3.2295485e+000
  1.3259837e+004  7.1428591e-001  2.2503054e+000
  1.3271837e+004  7.1672791e-001  2.2576315e+000
  1.3283837e+004  7.0451790e-001  2.2698414e+000
  1.3295837e+004  6.8742388e-001  2.2503054e+000
  1.3307836e+004  6.7765588e-001  2.2527475e+000
  1.3319836e+004  6.7277187e-001  3.0122104e+000
  1.3331836e+004  7.0207590e-001  3.0195363e+000
  1.3343836e+004  7.3870593e-001  3.0195363e+000
  1.3355836e+004  7.7533597e-001  3.0512824e+000
  1.3367836e+004  8.0708200e-001  3.0268624e+000
  1.3379836e+004  8.1685001e-001  9.5604420e-001
  1.3391835e+004  7.5091594e-001  9.5604420e-001
  1.3403835e+004  6.7277187e-001  9.5604420e-001
  1.3415835e+004  5.9218580e-001  9.5604420e-001
  1.3427835e+004  5.1892573e-001  9.5848620e-001
  1.3439835e+004  4.7496968e-001  4.0744815e+000
  1.3451835e+004  5.7753378e-001  4.1037855e+000
  1.3463835e+004  7.2161192e-001  4.0598292e+000
  1.3475835e+004  8.7057406e-001  4.0598292e+000
  1.3487834e+004  1.0048842e+000  4.0500612e+000
  1.3499834e+004  1.1172163e+000  3.5054948e+000
  1.3511834e+004  1.1782664e+000  3.5103788e+000
  1.3523834e+004  1.2075704e+000  3.5079367e+000
  1.3535834e+004  1.2319905e+000  3.5274727e+000
  1.3547833e+004  1.2490845e+000  3.5152628e+000
  1.3559833e+004  1.2612945e+000  4.1208796e+000
  1.3571833e+004  1.3174605e+000  4.1013436e+000
  1.3583833e+004  1.3809526e+000  4.1257634e+000
  1.3595833e+004  1.4322346e+000  4.1037855e+000
  1.3607833e+004  1.4859587e+000  4.0915756e+000
  1.3619833e+004  1.5201467e+000  2.4627597e+000
  1.3631832e+004  1.4444447e+000  2.4725277e+000
  1.3643832e+004  1.3394386e+000  2.4725277e+000
  1.3655832e+004  1.2417585e+000  2.4725277e+000
  1.3667832e+004  1.1538464e+000  2.4749696e+000
  1.3679832e+004  1.0732603e+000  5.6532377e-001
  1.3691832e+004  9.4871819e-001  5.6776577e-001
  1.3703832e+004  8.1929201e-001  5.6776577e-001
  1.3715831e+004  6.9963390e-001  5.6776577e-001
  1.3727831e+004  5.9951180e-001  5.7020778e-001
  1.3739831e+004  5.1404172e-001  2.0818074e+000
  1.3751831e+004  4.7008568e-001  2.0964594e+000
  1.3763831e+004  4.5543364e-001  2.0866914e+000
  1.3775831e+004  4.5787564e-001  2.0866914e+000
  1.3787830e+004  4.5787564e-001  2.0695972e+000
  1.3799830e+004  4.6275964e-001  4.2429795e+000
  1.3811830e+004  5.7264978e-001  4.2429795e+000
  1.3823830e+004  7.4358994e-001  4.2527475e+000
  1.3835830e+004  9.1697210e-001  4.2673998e+000
  1.3847830e+004  1.0732603e+000  4.2673998e+000
  1.3859830e+004  1.2026864e+000  1.3296705e+000
  1.3871830e+004  1.1782664e+000  1.3199025e+000
  1.3883829e+004  1.0708183e+000  1.3296705e+000
  1.3895829e+004  9.5116019e-001  1.3296705e+000
  1.3907829e+004  8.4371203e-001  1.3345546e+000
  1.3919829e+004  7.4847394e-001  1.8693531e+000
  1.3931829e+004  6.7765588e-001  1.8644691e+000
  1.3943828e+004  6.2881583e-001  1.8644691e+000
  1.3955828e+004  5.8974379e-001  1.8717951e+000
  1.3967828e+004  5.5799776e-001  1.8717951e+000
  1.3979828e+004  5.3357774e-001  1.5299147e+000
  1.3991828e+004  4.9938971e-001  1.5323567e+000
  1.4003828e+004  4.6764365e-001  1.5323567e+000
  1.4015828e+004  4.4322362e-001  1.5250307e+000
  1.4027828e+004  4.1147760e-001  1.5274727e+000
  1.4039827e+004  3.8949958e-001  2.2893775e+000
  1.4051827e+004  3.8949958e-001  2.2820516e+000
  1.4063827e+004  4.0903559e-001  2.2893775e+000
  1.4075827e+004  4.3589762e-001  2.2991455e+000
  1.4087827e+004  4.6031764e-001  2.2991455e+000
  1.4099827e+004  4.7496968e-001  2.7240541e+000
  1.4111826e+004  5.5311376e-001  4.0549455e+000
  1.4123826e+004  6.9963390e-001  4.0427356e+000
  1.4135826e+004  8.4615403e-001  4.0427356e+000
  1.4147826e+004  9.8290622e-001  4.0476193e+000
  1.4159826e+004  1.1001223e+000  4.0183153e+000
  1.4171826e+004  1.1269844e+000  1.8473750e+000
  1.4183825e+004  1.0586083e+000  1.8547010e+000
  1.4195825e+004  9.7558022e-001  1.8571430e+000
  1.4207825e+004  8.9011008e-001  1.8595850e+000
  1.4219825e+004  8.1196600e-001  1.8620270e+000
  1.4231825e+004  7.5335795e-001  2.1282053e+000
  1.4243825e+004  7.1184391e-001  2.1282053e+000
  1.4255825e+004  6.7765588e-001  2.1282053e+000
  1.4267825e+004  6.5079385e-001  2.1330893e+000
  1.4279824e+004  6.3125783e-001  2.1379733e+000
  1.4291824e+004  6.4346784e-001  3.6788769e+000
  1.4303824e+004  7.2405392e-001  3.6398048e+000
  1.4315824e+004  8.2417601e-001  3.6324790e+000
  1.4327824e+004  9.1697210e-001  3.6398048e+000
  1.4339824e+004  9.9267423e-001  3.6446888e+000
  1.4351823e+004  1.0170943e+000  1.5445668e+000
  1.4363823e+004  9.4871819e-001  1.5396827e+000
  1.4375823e+004  8.5836405e-001  1.5274727e+000
  1.4387823e+004  7.8021997e-001  1.5323567e+000
  1.4399823e+004  7.0451790e-001  1.5274727e+000
  1.4411823e+004  6.3614184e-001  1.0024422e+000
  1.4423822e+004  5.5799776e-001  1.0048842e+000
  1.4435823e+004  4.8962170e-001  1.0048842e+000
  1.4447822e+004  4.3345562e-001  9.9755824e-001
  1.4459822e+004  3.8461557e-001  1.0000002e+000
  1.4471822e+004  3.8705757e-001  4.2967038e+000
  1.4483822e+004  5.3357774e-001  4.3137975e+000
  1.4495822e+004  7.2405392e-001  4.3162398e+000
  1.4507821e+004  9.0476209e-001  4.3186817e+000
  1.4519821e+004  1.0732603e+000  4.3357759e+000
  1.4531821e+004  1.1636144e+000  7.7045196e-001
  1.4543821e+004  1.0854703e+000  7.8021997e-001
  1.4555821e+004  9.6092820e-001  7.7777797e-001
  1.4567821e+004  8.4127003e-001  7.7289396e-001
  1.4579820e+004  7.2893792e-001  7.7289396e-001
  1.4591820e+004  6.4346784e-001  2.8681321e+000
  1.4603820e+004  6.2637383e-001  2.8779001e+000
  1.4615820e+004  6.5567786e-001  2.8534801e+000
  1.4627820e+004  6.8498188e-001  2.8632481e+000
  1.4639820e+004  7.1672791e-001  2.8656902e+000
  1.4651820e+004  7.3626393e-001  1.4774133e-001
  1.4663819e+004  6.7032987e-001  1.4774133e-001
  1.4675819e+004  5.8730179e-001  1.4529933e-001
  1.4687819e+004  5.0915772e-001  1.4774133e-001
  1.4699819e+004  4.3101361e-001  1.4774133e-001
  1.4711819e+004  3.6019555e-001  1.4774133e-001
  1.4723819e+004  3.0647150e-001  1.4774133e-001
  1.4735819e+004  2.5763145e-001  1.5018334e-001
  1.4747818e+004  2.1367540e-001  1.4774133e-001
  1.4759818e+004  1.7948736e-001  1.4529933e-001
  1.4771818e+004  1.6239335e-001  3.5250309e+000
  1.4783818e+004  2.5030544e-001  3.5347989e+000
  1.4795818e+004  3.8461557e-001  3.5396829e+000
  1.4807818e+004  5.2869374e-001  3.5372407e+000
  1.4819818e+004  6.5323585e-001  3.5763128e+000
  1.4831817e+004  7.6068395e-001  3.1880345e+000
  1.4843817e+004  8.3394402e-001  3.1929185e+000
  1.4855817e+004  8.8278407e-001  3.2026865e+000
  1.4867817e+004  9.2185610e-001  3.2026865e+000
  1.4879817e+004  9.4871819e-001  3.1831505e+000
  1.4891817e+004  9.7558022e-001  1.3418806e+000
  1.4903816e+004  9.0476209e-001  1.3467646e+000
  1.4915816e+004  8.1440800e-001  1.3540906e+000
  1.4927816e+004  7.3382193e-001  1.3394386e+000
  1.4939816e+004  6.5323585e-001  1.3418806e+000
  1.4951816e+004  5.8974379e-001  1.9181932e+000
  1.4963816e+004  5.4334575e-001  1.9255192e+000
  1.4975815e+004  5.1404172e-001  1.9352872e+000
  1.4987816e+004  5.0183171e-001  1.9157512e+000
  1.4999815e+004  4.8717970e-001  1.9279612e+000
  1.5011815e+004  4.7985369e-001  3.0879123e+000
  1.5023815e+004  5.1648372e-001  3.0952384e+000
  1.5035815e+004  5.7753378e-001  3.1025643e+000
  1.5047815e+004  6.4346784e-001  3.0830283e+000
  1.5059814e+004  7.0940191e-001  3.0830283e+000
  1.5071815e+004  7.5824195e-001  3.0903544e+000
  1.5083814e+004  8.0464000e-001  3.1050065e+000
  1.5095814e+004  8.4371203e-001  3.1098905e+000
  1.5107814e+004  8.7790006e-001  3.1196585e+000
